0	1	5	10	22	27	44	49	61	66	71	83	88	
44	4	24	
88	2	60	
1	3	32	
3	1	15	54	
76	0	3	20	25	42	64	81	86	
59	0	41	
42	1	80	
25	3	6	11	28	50	67	89	
12	0	13	30	52	69	91	
52	3	9	26	48	87	
35	4	92	
17	0	18	
40	1	58	
45	0	46	85	
50	2	0	1	3	5	6	8	10	11	12	13	15	16	17	18	20	22	23	25	27	28	30	32	33	34	35	37	38	39	40	42	44	45	47	49	51	52	54	55	56	57	59	61	62	64	66	67	69	71	72	73	74	76	77	78	79	81	83	84	86	88	89	91	93	94	95	96	98	99	
55	3	36	97	
60	0	2	
65	3	34	73	
70	2	10	49	71	88	
75	2	59	
80	0	30	
85	1	11	28	33	50	72	89	
90	1	82	
95	0	70	
61	2	24	63	
5	0	37	
49	2	90	
32	3	26	
54	0	14	31	53	75	92	
37	0	14	
7	0	20	42	81	
8	1	3	
11	1	8	47	86	
69	4	5	27	66	
13	0	74	
96	1	31	
18	3	79	
62	4	7	29	46	68	85	90	
67	4	56	
72	1	54	
77	0	47	
21	1	62	
26	2	72	
31	1	65	
36	1	53	
41	0	19	
46	4	7	
51	3	4	21	43	60	65	82	
56	4	58	
22	2	23	
66	0	95	
10	0	25	
2	0	93	
15	0	96	
6	1	59	98	
20	1	1	
9	4	64	
86	1	16	38	55	77	94	
30	3	4	21	43	82	
74	4	37	76	98	
16	4	57	
79	4	69	
23	2	84	
28	1	99	
33	3	9	48	70	87	
38	0	75	
82	0	1	13	18	23	35	40	45	52	57	62	74	79	84	96	
87	4	99	
92	3	4	
97	4	92	
63	0	51	
68	3	0	17	22	39	44	61	78	83	
73	2	15	
78	4	8	
83	2	6	
27	2	16	33	38	55	77	94	
71	3	32	93	
93	3	26	48	65	87	
4	4	76	
98	1	14	53	
81	4	91	
64	1	12	
47	0	68	
91	0	43	
14	3	35	
57	3	19	
19	0	0	1	2	3	4	5	6	7	8	9	10	11	12	13	14	15	16	17	18	20	21	22	23	24	25	26	27	28	29	30	31	32	33	34	35	36	37	38	39	40	41	42	43	44	45	46	47	48	49	50	51	52	53	54	55	56	57	58	59	60	61	62	63	64	65	66	67	68	69	70	71	72	73	74	75	76	77	78	79	80	81	82	83	84	85	86	87	88	89	90	91	92	93	94	95	96	97	98	99	
84	2	67	
89	4	21	
94	2	9	
99	2	36	75	
43	2	2	41	63	
48	2	29	
53	3	70	
58	2	80	
24	3	45	
29	0	60	
34	3	31	
39	1	36	97	
